0 9 6 0 0 15 0 0 6 9 0 6 
0 9 6 0 0 3 0 0 6 9 0 12 
0 9 12 0 0 15 0 0 12 9 0 6 
0 9 12 0 0 3 0 0 12 9 0 12 
0 15 6 0 0 15 0 6 6 9 0 6 
0 15 6 0 0 9 0 6 6 9 0 0 
0 15 12 0 0 15 0 6 12 9 0 6 
0 15 12 0 0 9 0 6 12 9 0 0 
0 3 6 0 0 3 0 12 6 9 0 12 
0 3 6 0 0 9 0 12 6 9 0 0 
0 3 12 0 0 3 0 12 12 9 0 12 
0 3 12 0 0 9 0 12 12 9 0 0 
0 10 6 1 0 16 0 1 6 10 0 7 
0 10 6 1 0 4 0 1 6 10 0 13 
0 10 12 1 0 16 0 1 12 10 0 7 
0 10 12 1 0 4 0 1 12 10 0 13 
0 16 6 1 0 16 0 7 6 10 0 7 
0 16 6 1 0 10 0 7 6 10 0 1 
0 16 12 1 0 10 0 7 12 10 0 1 
0 16 12 1 0 16 0 7 12 10 0 7 
0 4 6 1 0 10 0 13 6 10 0 1 
0 4 6 1 0 4 0 13 6 10 0 13 
0 4 12 1 0 10 0 13 12 10 0 1 
0 4 12 1 0 4 0 13 12 10 0 13 
0 12 6 3 0 6 0 3 6 12 0 15 
0 12 6 3 0 0 0 3 6 12 0 9 
0 12 12 3 0 6 0 3 12 12 0 15 
0 12 12 3 0 0 0 3 12 12 0 9 
0 0 6 3 0 12 0 9 6 12 0 3 
0 0 6 3 0 0 0 9 6 12 0 9 
0 0 12 3 0 12 0 9 12 12 0 3 
0 0 12 3 0 0 0 9 12 12 0 9 
0 6 6 3 0 6 0 15 6 12 0 15 
0 6 6 3 0 12 0 15 6 12 0 3 
0 6 12 3 0 12 0 15 12 12 0 3 
0 6 12 3 0 6 0 15 12 12 0 15 
