[6, 8; 6, 15; 6, 16; 6, 21; 6, 30; 6, 32; 6, 39; 6, 42; 6, 45; 6, 51; 6, 63; 6, 64; 6, 66; 6, 69; 6, 70; 6, 75; 6, 78; 6, 87; 6, 90; 6, 93; 

10, 4; 10, 8; 10, 12; 10, 15; 10, 16; 10, 24; 10, 30; 10, 32; 10, 35; 10, 36; 10, 45; 10, 48; 10, 55; 10, 64; 10, 66; 10, 70; 10, 72; 10, 75; 10, 78; 10, 84; 10, 85; 10, 90; 10, 95; 10, 96; 

12, 8; 12, 15; 12, 16; 12, 20; 12, 21; 12, 22; 12, 26; 12, 32; 12, 39; 12, 40; 12, 44; 12, 45; 12, 46; 12, 51; 12, 52; 12, 56; 12, 63; 12, 64; 12, 68; 12, 69; 12, 70; 12, 75; 12, 80; 12, 87; 12, 88; 12, 92; 12, 93; 12, 94; 12, 100; 

14, 6; 14, 7; 14, 12; 14, 14; 14, 15; 14, 16; 14, 18; 14, 20; 14, 21; 14, 24; 14, 30; 14, 32; 14, 35; 14, 36; 14, 40; 14, 42; 14, 45; 14, 48; 14, 49; 14, 54; 14, 60; 14, 63; 14, 64; 14, 66; 14, 70; 14, 72; 14, 75; 14, 77; 14, 78; 14, 80; 14, 90; 14, 91; 14, 96; 14, 98; 14, 99; 14, 100; 

15, 12; 15, 20; 15, 22; 15, 24; 15, 33; 15, 35; 15, 36; 15, 39; 15, 40; 15, 44; 15, 48; 15, 51; 15, 52; 15, 55; 15, 56; 15, 57; 15, 65; 15, 66; 15, 70; 15, 72; 15, 78; 15, 80; 15, 84; 15, 85; 15, 88; 15, 93; 15, 95; 15, 96; 15, 99; 15, 100; 

18, 8; 18, 15; 18, 16; 18, 20; 18, 21; 18, 22; 18, 26; 18, 30; 18, 32; 18, 39; 18, 40; 18, 42; 18, 44; 18, 45; 18, 46; 18, 51; 18, 52; 18, 56; 18, 63; 18, 64; 18, 66; 18, 68; 18, 69; 18, 70; 18, 75; 18, 78; 18, 80; 18, 87; 18, 88; 18, 90; 18, 92; 18, 93; 18, 94; 18, 100; 

20, 4; 20, 8; 20, 12; 20, 15; 20, 16; 20, 22; 20, 24; 20, 28; 20, 32; 20, 33; 20, 35; 20, 36; 20, 38; 20, 44; 20, 45; 20, 48; 20, 52; 20, 55; 20, 56; 20, 62; 20, 64; 20, 66; 20, 68; 20, 72; 20, 75; 20, 76; 20, 78; 20, 84; 20, 85; 20, 88; 20, 92; 20, 95; 20, 96; 20, 99; 

21, 3; 21, 6; 21, 9; 21, 12; 21, 15; 21, 18; 21, 20; 21, 24; 21, 27; 21, 30; 21, 33; 21, 35; 21, 36; 21, 39; 21, 40; 21, 45; 21, 48; 21, 51; 21, 52; 21, 54; 21, 55; 21, 56; 21, 57; 21, 60; 21, 66; 21, 68; 21, 69; 21, 70; 21, 72; 21, 75; 21, 77; 21, 78; 21, 80; 21, 81; 21, 87; 21, 90; 21, 91; 21, 93; 21, 96; 21, 99; 21, 100; 

22, 8; 22, 10; 22, 14; 22, 15; 22, 16; 22, 20; 22, 21; 22, 24; 22, 28; 22, 30; 22, 32; 22, 35; 22, 39; 22, 40; 22, 42; 22, 45; 22, 48; 22, 50; 22, 55; 22, 56; 22, 60; 22, 63; 22, 64; 22, 66; 22, 70; 22, 72; 22, 75; 22, 77; 22, 78; 22, 80; 22, 84; 22, 90; 22, 96; 22, 98; 22, 100; 

24, 4; 24, 8; 24, 14; 24, 15; 24, 16; 24, 20; 24, 21; 24, 22; 24, 26; 24, 28; 24, 30; 24, 32; 24, 35; 24, 39; 24, 40; 24, 42; 24, 44; 24, 45; 24, 46; 24, 51; 24, 52; 24, 56; 24, 62; 24, 63; 24, 64; 24, 66; 24, 68; 24, 69; 24, 70; 24, 75; 24, 76; 24, 78; 24, 80; 24, 87; 24, 88; 24, 90; 24, 92; 24, 93; 24, 94; 24, 98; 24, 100; 

26, 4; 26, 6; 26, 8; 26, 12; 26, 15; 26, 16; 26, 18; 26, 20; 26, 21; 26, 24; 26, 28; 26, 30; 26, 32; 26, 33; 26, 35; 26, 36; 26, 39; 26, 40; 26, 42; 26, 44; 26, 45; 26, 48; 26, 51; 26, 54; 26, 55; 26, 56; 26, 60; 26, 63; 26, 64; 26, 66; 26, 70; 26, 72; 26, 75; 26, 78; 26, 80; 26, 84; 26, 88; 26, 90; 26, 91; 26, 96; 26, 99; 26, 100; 

28, 6; 28, 7; 28, 12; 28, 15; 28, 16; 28, 18; 28, 20; 28, 21; 28, 24; 28, 30; 28, 32; 28, 33; 28, 35; 28, 36; 28, 38; 28, 39; 28, 40; 28, 45; 28, 48; 28, 49; 28, 52; 28, 54; 28, 57; 28, 58; 28, 60; 28, 62; 28, 63; 28, 64; 28, 66; 28, 68; 28, 72; 28, 74; 28, 75; 28, 76; 28, 77; 28, 78; 28, 80; 28, 90; 28, 91; 28, 94; 28, 96; 28, 99; 28, 100; 

30, 4; 30, 8; 30, 12; 30, 15; 30, 16; 30, 20; 30, 22; 30, 24; 30, 26; 30, 28; 30, 30; 30, 32; 30, 33; 30, 35; 30, 36; 30, 38; 30, 39; 30, 40; 30, 44; 30, 45; 30, 48; 30, 51; 30, 52; 30, 55; 30, 56; 30, 57; 30, 62; 30, 64; 30, 65; 30, 66; 30, 68; 30, 70; 30, 72; 30, 75; 30, 76; 30, 78; 30, 80; 30, 84; 30, 85; 30, 88; 30, 90; 30, 92; 30, 93; 30, 95; 30, 96; 30, 99; 30, 100; 

33, 11; 33, 15; 33, 20; 33, 21; 33, 22; 33, 24; 33, 30; 33, 35; 33, 39; 33, 40; 33, 42; 33, 44; 33, 45; 33, 48; 33, 51; 33, 52; 33, 55; 33, 56; 33, 57; 33, 60; 33, 63; 33, 65; 33, 68; 33, 70; 33, 72; 33, 75; 33, 77; 33, 78; 33, 80; 33, 84; 33, 87; 33, 88; 33, 90; 33, 91; 33, 96; 33, 100; 

34, 4; 34, 8; 34, 12; 34, 15; 34, 16; 34, 20; 34, 24; 34, 28; 34, 30; 34, 32; 34, 35; 34, 36; 34, 40; 34, 44; 34, 45; 34, 48; 34, 51; 34, 52; 34, 56; 34, 57; 34, 60; 34, 64; 34, 70; 34, 72; 34, 75; 34, 80; 34, 84; 34, 85; 34, 88; 34, 90; 34, 95; 34, 96; 34, 100; 

35, 12; 35, 15; 35, 20; 35, 24; 35, 28; 35, 30; 35, 33; 35, 36; 35, 38; 35, 39; 35, 40; 35, 45; 35, 48; 35, 51; 35, 52; 35, 55; 35, 56; 35, 60; 35, 62; 35, 66; 35, 68; 35, 72; 35, 75; 35, 76; 35, 77; 35, 78; 35, 80; 35, 84; 35, 85; 35, 90; 35, 91; 35, 95; 35, 96; 35, 99; 35, 100; 

36, 8; 36, 10; 36, 15; 36, 16; 36, 20; 36, 21; 36, 22; 36, 26; 36, 32; 36, 34; 36, 35; 36, 39; 36, 40; 36, 44; 36, 45; 36, 46; 36, 50; 36, 51; 36, 52; 36, 55; 36, 56; 36, 58; 36, 63; 36, 64; 36, 65; 36, 68; 36, 69; 36, 70; 36, 75; 36, 77; 36, 80; 36, 82; 36, 87; 36, 88; 36, 92; 36, 93; 36, 94; 36, 100; 

38, 6; 38, 8; 38, 12; 38, 15; 38, 16; 38, 18; 38, 21; 38, 24; 38, 30; 38, 32; 38, 36; 38, 39; 38, 40; 38, 42; 38, 45; 38, 48; 38, 51; 38, 52; 38, 54; 38, 56; 38, 60; 38, 63; 38, 64; 38, 65; 38, 66; 38, 68; 38, 69; 38, 72; 38, 75; 38, 78; 38, 80; 38, 84; 38, 87; 38, 88; 38, 90; 38, 95; 38, 96; 

39, 3; 39, 6; 39, 9; 39, 12; 39, 13; 39, 15; 39, 18; 39, 20; 39, 21; 39, 24; 39, 26; 39, 27; 39, 30; 39, 33; 39, 35; 39, 36; 39, 40; 39, 42; 39, 44; 39, 45; 39, 46; 39, 48; 39, 51; 39, 52; 39, 54; 39, 56; 39, 57; 39, 60; 39, 63; 39, 65; 39, 66; 39, 68; 39, 69; 39, 70; 39, 72; 39, 75; 39, 80; 39, 81; 39, 84; 39, 87; 39, 88; 39, 90; 39, 91; 39, 92; 39, 93; 39, 95; 39, 96; 39, 99; 39, 100; 

40, 4; 40, 8; 40, 12; 40, 14; 40, 15; 40, 16; 40, 21; 40, 22; 40, 24; 40, 28; 40, 30; 40, 32; 40, 33; 40, 35; 40, 36; 40, 38; 40, 39; 40, 42; 40, 44; 40, 45; 40, 46; 40, 48; 40, 51; 40, 52; 40, 55; 40, 56; 40, 57; 40, 62; 40, 63; 40, 64; 40, 66; 40, 68; 40, 70; 40, 72; 40, 75; 40, 76; 40, 77; 40, 78; 40, 84; 40, 85; 40, 88; 40, 90; 40, 91; 40, 92; 40, 93; 40, 94; 40, 95; 40, 96; 40, 98; 40, 99; 

42, 6; 42, 8; 42, 9; 42, 12; 42, 15; 42, 16; 42, 18; 42, 20; 42, 21; 42, 22; 42, 24; 42, 26; 42, 27; 42, 30; 42, 32; 42, 33; 42, 35; 42, 36; 42, 39; 42, 40; 42, 42; 42, 44; 42, 45; 42, 46; 42, 48; 42, 51; 42, 52; 42, 54; 42, 55; 42, 56; 42, 57; 42, 58; 42, 60; 42, 63; 42, 64; 42, 66; 42, 68; 42, 69; 42, 70; 42, 72; 42, 75; 42, 77; 42, 78; 42, 80; 42, 81; 42, 85; 42, 87; 42, 88; 42, 90; 42, 91; 42, 92; 42, 93; 42, 94; 42, 96; 42, 99; 42, 100; 

44, 8; 44, 10; 44, 14; 44, 15; 44, 16; 44, 20; 44, 21; 44, 24; 44, 28; 44, 30; 44, 32; 44, 35; 44, 38; 44, 39; 44, 40; 44, 42; 44, 45; 44, 48; 44, 50; 44, 51; 44, 52; 44, 55; 44, 56; 44, 60; 44, 63; 44, 64; 44, 65; 44, 68; 44, 70; 44, 72; 44, 75; 44, 76; 44, 77; 44, 78; 44, 80; 44, 84; 44, 85; 44, 86; 44, 87; 44, 90; 44, 95; 44, 96; 44, 98; 44, 100; 

45, 12; 45, 20; 45, 22; 45, 24; 45, 28; 45, 33; 45, 35; 45, 36; 45, 38; 45, 39; 45, 40; 45, 44; 45, 48; 45, 51; 45, 52; 45, 55; 45, 56; 45, 57; 45, 62; 45, 65; 45, 66; 45, 68; 45, 70; 45, 72; 45, 76; 45, 78; 45, 80; 45, 84; 45, 85; 45, 88; 45, 92; 45, 93; 45, 95; 45, 96; 45, 99; 45, 100; 

46, 14; 46, 15; 46, 16; 46, 20; 46, 21; 46, 22; 46, 28; 46, 30; 46, 32; 46, 33; 46, 35; 46, 38; 46, 40; 46, 42; 46, 44; 46, 45; 46, 48; 46, 51; 46, 55; 46, 56; 46, 57; 46, 60; 46, 63; 46, 64; 46, 65; 46, 66; 46, 68; 46, 69; 46, 70; 46, 75; 46, 76; 46, 77; 46, 80; 46, 84; 46, 88; 46, 90; 46, 91; 46, 96; 46, 98; 46, 99; 46, 100; 

48, 6; 48, 8; 48, 15; 48, 16; 48, 18; 48, 20; 48, 21; 48, 22; 48, 26; 48, 30; 48, 32; 48, 35; 48, 39; 48, 40; 48, 42; 48, 44; 48, 45; 48, 46; 48, 51; 48, 52; 48, 54; 48, 55; 48, 56; 48, 63; 48, 64; 48, 65; 48, 66; 48, 68; 48, 69; 48, 70; 48, 75; 48, 78; 48, 80; 48, 87; 48, 88; 48, 90; 48, 91; 48, 92; 48, 93; 48, 94; 48, 95; 48, 100; 

50, 4; 50, 8; 50, 12; 50, 15; 50, 16; 50, 22; 50, 24; 50, 28; 50, 30; 50, 32; 50, 33; 50, 35; 50, 36; 50, 38; 50, 39; 50, 44; 50, 45; 50, 48; 50, 51; 50, 52; 50, 55; 50, 56; 50, 57; 50, 62; 50, 64; 50, 66; 50, 68; 50, 70; 50, 72; 50, 75; 50, 76; 50, 77; 50, 78; 50, 84; 50, 85; 50, 88; 50, 90; 50, 92; 50, 95; 50, 96; 50, 99; 

51, 12; 51, 15; 51, 20; 51, 24; 51, 30; 51, 35; 51, 36; 51, 40; 51, 44; 51, 45; 51, 48; 51, 52; 51, 55; 51, 56; 51, 57; 51, 60; 51, 65; 51, 68; 51, 70; 51, 72; 51, 75; 51, 80; 51, 84; 51, 85; 51, 87; 51, 88; 51, 90; 51, 92; 51, 94; 51, 96; 51, 100; 

52, 4; 52, 6; 52, 8; 52, 12; 52, 15; 52, 16; 52, 18; 52, 20; 52, 21; 52, 24; 52, 28; 52, 30; 52, 32; 52, 33; 52, 35; 52, 36; 52, 39; 52, 40; 52, 42; 52, 44; 52, 45; 52, 46; 52, 48; 52, 51; 52, 54; 52, 55; 52, 56; 52, 57; 52, 60; 52, 63; 52, 64; 52, 66; 52, 68; 52, 69; 52, 70; 52, 72; 52, 75; 52, 76; 52, 80; 52, 84; 52, 86; 52, 88; 52, 90; 52, 91; 52, 92; 52, 93; 52, 96; 52, 99; 52, 100; 

54, 21; 54, 26; 54, 35; 54, 39; 54, 42; 54, 45; 54, 52; 54, 56; 54, 63; 54, 65; 54, 70; 54, 77; 54, 78; 54, 84; 54, 85; 54, 90; 54, 91; 54, 95; 

55, 5; 55, 10; 55, 11; 55, 15; 55, 20; 55, 22; 55, 24; 55, 25; 55, 28; 55, 30; 55, 33; 55, 35; 55, 38; 55, 39; 55, 40; 55, 44; 55, 45; 55, 48; 55, 50; 55, 51; 55, 52; 55, 56; 55, 57; 55, 60; 55, 65; 55, 66; 55, 68; 55, 70; 55, 72; 55, 75; 55, 76; 55, 77; 55, 78; 55, 80; 55, 84; 55, 85; 55, 88; 55, 90; 55, 91; 55, 95; 55, 96; 55, 99; 55, 100; 

56, 6; 56, 7; 56, 12; 56, 14; 56, 15; 56, 16; 56, 18; 56, 20; 56, 21; 56, 24; 56, 30; 56, 32; 56, 33; 56, 35; 56, 36; 56, 38; 56, 39; 56, 40; 56, 42; 56, 45; 56, 48; 56, 49; 56, 51; 56, 52; 56, 54; 56, 55; 56, 57; 56, 58; 56, 60; 56, 62; 56, 63; 56, 64; 56, 65; 56, 66; 56, 68; 56, 69; 56, 70; 56, 72; 56, 74; 56, 75; 56, 76; 56, 77; 56, 78; 56, 80; 56, 85; 56, 87; 56, 90; 56, 91; 56, 94; 56, 96; 56, 98; 56, 99; 56, 100; 

57, 3; 57, 6; 57, 9; 57, 12; 57, 15; 57, 18; 57, 21; 57, 24; 57, 27; 57, 30; 57, 33; 57, 36; 57, 39; 57, 40; 57, 42; 57, 45; 57, 48; 57, 51; 57, 52; 57, 54; 57, 56; 57, 60; 57, 63; 57, 65; 57, 66; 57, 68; 57, 69; 57, 72; 57, 75; 57, 78; 57, 80; 57, 81; 57, 84; 57, 85; 57, 87; 57, 88; 57, 90; 57, 93; 57, 95; 57, 96; 57, 99; 

58, 4; 58, 8; 58, 12; 58, 14; 58, 16; 58, 20; 58, 21; 58, 24; 58, 26; 58, 28; 58, 32; 58, 35; 58, 36; 58, 39; 58, 40; 58, 42; 58, 44; 58, 46; 58, 48; 58, 51; 58, 52; 58, 56; 58, 60; 58, 63; 58, 64; 58, 68; 58, 69; 58, 70; 58, 72; 58, 76; 58, 77; 58, 78; 58, 80; 58, 84; 58, 87; 58, 88; 58, 92; 58, 96; 58, 98; 58, 100; 

60, 8; 60, 12; 60, 15; 60, 16; 60, 20; 60, 22; 60, 24; 60, 32; 60, 33; 60, 35; 60, 36; 60, 39; 60, 40; 60, 44; 60, 45; 60, 48; 60, 51; 60, 52; 60, 55; 60, 56; 60, 57; 60, 64; 60, 65; 60, 66; 60, 68; 60, 70; 60, 72; 60, 75; 60, 77; 60, 78; 60, 80; 60, 84; 60, 85; 60, 88; 60, 91; 60, 92; 60, 93; 60, 95; 60, 96; 60, 99; 60, 100; 

62, 6; 62, 10; 62, 12; 62, 15; 62, 18; 62, 20; 62, 21; 62, 22; 62, 24; 62, 30; 62, 33; 62, 35; 62, 36; 62, 39; 62, 40; 62, 42; 62, 44; 62, 45; 62, 46; 62, 48; 62, 50; 62, 51; 62, 52; 62, 54; 62, 55; 62, 57; 62, 60; 62, 63; 62, 64; 62, 65; 62, 66; 62, 68; 62, 69; 62, 70; 62, 72; 62, 75; 62, 77; 62, 78; 62, 80; 62, 84; 62, 85; 62, 87; 62, 88; 62, 90; 62, 91; 62, 92; 62, 93; 62, 95; 62, 96; 62, 99; 62, 100; 

63, 6; 63, 9; 63, 12; 63, 15; 63, 18; 63, 20; 63, 24; 63, 27; 63, 30; 63, 33; 63, 35; 63, 36; 63, 39; 63, 40; 63, 45; 63, 48; 63, 51; 63, 52; 63, 54; 63, 55; 63, 56; 63, 57; 63, 58; 63, 60; 63, 66; 63, 68; 63, 69; 63, 70; 63, 72; 63, 75; 63, 77; 63, 78; 63, 80; 63, 81; 63, 87; 63, 90; 63, 91; 63, 93; 63, 94; 63, 95; 63, 96; 63, 99; 63, 100; 

65, 12; 65, 15; 65, 20; 65, 24; 65, 28; 65, 30; 65, 33; 65, 35; 65, 36; 65, 39; 65, 40; 65, 44; 65, 45; 65, 48; 65, 51; 65, 52; 65, 55; 65, 56; 65, 57; 65, 60; 65, 66; 65, 68; 65, 70; 65, 72; 65, 75; 65, 76; 65, 78; 65, 80; 65, 84; 65, 88; 65, 90; 65, 91; 65, 92; 65, 93; 65, 95; 65, 96; 65, 99; 65, 100; 

66, 8; 66, 10; 66, 14; 66, 15; 66, 16; 66, 20; 66, 21; 66, 22; 66, 24; 66, 26; 66, 28; 66, 30; 66, 32; 66, 35; 66, 38; 66, 39; 66, 40; 66, 42; 66, 44; 66, 45; 66, 48; 66, 50; 66, 51; 66, 52; 66, 55; 66, 56; 66, 60; 66, 63; 66, 64; 66, 65; 66, 66; 66, 68; 66, 70; 66, 72; 66, 75; 66, 76; 66, 77; 66, 78; 66, 80; 66, 84; 66, 85; 66, 86; 66, 87; 66, 88; 66, 90; 66, 91; 66, 96; 66, 98; 66, 100; 

68, 4; 68, 8; 68, 12; 68, 15; 68, 16; 68, 20; 68, 24; 68, 28; 68, 30; 68, 32; 68, 35; 68, 36; 68, 38; 68, 40; 68, 44; 68, 45; 68, 48; 68, 51; 68, 52; 68, 55; 68, 56; 68, 57; 68, 60; 68, 64; 68, 65; 68, 70; 68, 72; 68, 75; 68, 76; 68, 80; 68, 84; 68, 85; 68, 86; 68, 87; 68, 88; 68, 90; 68, 92; 68, 94; 68, 95; 68, 96; 68, 100; 

69, 15; 69, 20; 69, 21; 69, 22; 69, 30; 69, 33; 69, 35; 69, 40; 69, 42; 69, 44; 69, 45; 69, 48; 69, 51; 69, 55; 69, 56; 69, 57; 69, 60; 69, 63; 69, 65; 69, 66; 69, 68; 69, 70; 69, 75; 69, 77; 69, 80; 69, 84; 69, 85; 69, 87; 69, 88; 69, 90; 69, 91; 69, 92; 69, 95; 69, 96; 69, 99; 69, 100; 

70, 4; 70, 8; 70, 12; 70, 15; 70, 16; 70, 20; 70, 22; 70, 24; 70, 28; 70, 30; 70, 32; 70, 33; 70, 35; 70, 36; 70, 38; 70, 39; 70, 40; 70, 44; 70, 45; 70, 48; 70, 51; 70, 52; 70, 55; 70, 56; 70, 57; 70, 60; 70, 62; 70, 64; 70, 66; 70, 68; 70, 70; 70, 72; 70, 74; 70, 75; 70, 76; 70, 77; 70, 78; 70, 80; 70, 84; 70, 85; 70, 88; 70, 90; 70, 91; 70, 92; 70, 93; 70, 95; 70, 96; 70, 99; 70, 100; 

72, 4; 72, 8; 72, 14; 72, 15; 72, 16; 72, 20; 72, 21; 72, 22; 72, 26; 72, 28; 72, 30; 72, 32; 72, 35; 72, 39; 72, 40; 72, 42; 72, 44; 72, 45; 72, 46; 72, 51; 72, 52; 72, 55; 72, 56; 72, 62; 72, 63; 72, 64; 72, 65; 72, 66; 72, 68; 72, 69; 72, 70; 72, 75; 72, 76; 72, 77; 72, 78; 72, 80; 72, 85; 72, 87; 72, 88; 72, 90; 72, 91; 72, 92; 72, 93; 72, 94; 72, 95; 72, 98; 72, 100; 

74, 4; 74, 6; 74, 8; 74, 12; 74, 14; 74, 15; 74, 16; 74, 18; 74, 20; 74, 21; 74, 22; 74, 24; 74, 28; 74, 30; 74, 32; 74, 33; 74, 35; 74, 36; 74, 39; 74, 40; 74, 42; 74, 44; 74, 45; 74, 48; 74, 51; 74, 52; 74, 54; 74, 55; 74, 56; 74, 57; 74, 60; 74, 63; 74, 64; 74, 66; 74, 68; 74, 69; 74, 70; 74, 72; 74, 75; 74, 76; 74, 77; 74, 78; 74, 80; 74, 84; 74, 85; 74, 87; 74, 88; 74, 90; 74, 91; 74, 92; 74, 93; 74, 95; 74, 96; 74, 98; 74, 99; 74, 100; 

75, 12; 75, 20; 75, 22; 75, 24; 75, 26; 75, 33; 75, 35; 75, 36; 75, 39; 75, 40; 75, 44; 75, 48; 75, 51; 75, 52; 75, 55; 75, 56; 75, 57; 75, 65; 75, 66; 75, 68; 75, 70; 75, 72; 75, 77; 75, 78; 75, 80; 75, 84; 75, 85; 75, 88; 75, 91; 75, 92; 75, 93; 75, 95; 75, 96; 75, 99; 75, 100; 

76, 6; 76, 8; 76, 12; 76, 15; 76, 16; 76, 18; 76, 21; 76, 24; 76, 30; 76, 32; 76, 36; 76, 39; 76, 40; 76, 42; 76, 45; 76, 48; 76, 51; 76, 52; 76, 54; 76, 56; 76, 60; 76, 62; 76, 63; 76, 64; 76, 65; 76, 66; 76, 68; 76, 69; 76, 72; 76, 75; 76, 78; 76, 80; 76, 84; 76, 85; 76, 87; 76, 88; 76, 90; 76, 91; 76, 93; 76, 95; 76, 96; 

77, 7; 77, 14; 77, 15; 77, 20; 77, 21; 77, 24; 77, 28; 77, 30; 77, 33; 77, 35; 77, 38; 77, 39; 77, 40; 77, 42; 77, 45; 77, 48; 77, 49; 77, 51; 77, 52; 77, 55; 77, 56; 77, 57; 77, 60; 77, 63; 77, 66; 77, 68; 77, 70; 77, 72; 77, 75; 77, 76; 77, 78; 77, 80; 77, 84; 77, 85; 77, 87; 77, 90; 77, 91; 77, 95; 77, 96; 77, 98; 77, 99; 77, 100; 

78, 4; 78, 6; 78, 8; 78, 9; 78, 12; 78, 13; 78, 14; 78, 15; 78, 16; 78, 18; 78, 20; 78, 21; 78, 22; 78, 24; 78, 26; 78, 27; 78, 28; 78, 30; 78, 32; 78, 33; 78, 35; 78, 36; 78, 39; 78, 40; 78, 42; 78, 44; 78, 45; 78, 46; 78, 48; 78, 51; 78, 52; 78, 54; 78, 55; 78, 56; 78, 57; 78, 60; 78, 62; 78, 63; 78, 64; 78, 65; 78, 66; 78, 68; 78, 69; 78, 70; 78, 72; 78, 75; 78, 76; 78, 77; 78, 78; 78, 80; 78, 81; 78, 84; 78, 85; 78, 86; 78, 87; 78, 88; 78, 90; 78, 91; 78, 92; 78, 93; 78, 94; 78, 95; 78, 96; 78, 98; 78, 99; 78, 100; 

80, 4; 80, 8; 80, 10; 80, 12; 80, 15; 80, 16; 80, 22; 80, 24; 80, 28; 80, 30; 80, 32; 80, 33; 80, 35; 80, 36; 80, 38; 80, 39; 80, 44; 80, 45; 80, 48; 80, 50; 80, 51; 80, 52; 80, 55; 80, 56; 80, 57; 80, 62; 80, 64; 80, 66; 80, 68; 80, 70; 80, 72; 80, 75; 80, 76; 80, 77; 80, 78; 80, 84; 80, 85; 80, 88; 80, 90; 80, 91; 80, 92; 80, 93; 80, 95; 80, 96; 80, 99; 

82, 4; 82, 8; 82, 10; 82, 12; 82, 15; 82, 16; 82, 20; 82, 24; 82, 28; 82, 30; 82, 32; 82, 35; 82, 36; 82, 39; 82, 40; 82, 44; 82, 45; 82, 46; 82, 48; 82, 50; 82, 51; 82, 52; 82, 55; 82, 56; 82, 60; 82, 62; 82, 64; 82, 68; 82, 69; 82, 70; 82, 72; 82, 75; 82, 76; 82, 78; 82, 80; 82, 84; 82, 85; 82, 87; 82, 88; 82, 90; 82, 91; 82, 92; 82, 93; 82, 95; 82, 96; 82, 100; 

84, 3; 84, 6; 84, 9; 84, 12; 84, 15; 84, 16; 84, 18; 84, 20; 84, 21; 84, 24; 84, 27; 84, 30; 84, 32; 84, 33; 84, 35; 84, 36; 84, 39; 84, 40; 84, 45; 84, 48; 84, 51; 84, 52; 84, 54; 84, 55; 84, 56; 84, 57; 84, 60; 84, 63; 84, 64; 84, 66; 84, 68; 84, 69; 84, 70; 84, 72; 84, 75; 84, 77; 84, 78; 84, 80; 84, 81; 84, 85; 84, 87; 84, 90; 84, 91; 84, 93; 84, 94; 84, 95; 84, 96; 84, 99; 84, 100; 

85, 12; 85, 15; 85, 20; 85, 24; 85, 28; 85, 30; 85, 35; 85, 36; 85, 38; 85, 40; 85, 44; 85, 45; 85, 48; 85, 51; 85, 52; 85, 55; 85, 56; 85, 57; 85, 60; 85, 65; 85, 68; 85, 70; 85, 72; 85, 75; 85, 76; 85, 80; 85, 84; 85, 88; 85, 90; 85, 92; 85, 95; 85, 96; 85, 100; 

86, 6; 86, 8; 86, 12; 86, 14; 86, 15; 86, 16; 86, 18; 86, 20; 86, 21; 86, 24; 86, 28; 86, 30; 86, 32; 86, 35; 86, 36; 86, 38; 86, 39; 86, 40; 86, 42; 86, 45; 86, 48; 86, 51; 86, 54; 86, 55; 86, 56; 86, 60; 86, 63; 86, 64; 86, 65; 86, 66; 86, 68; 86, 69; 86, 70; 86, 72; 86, 75; 86, 76; 86, 77; 86, 78; 86, 80; 86, 84; 86, 85; 86, 87; 86, 88; 86, 90; 86, 91; 86, 93; 86, 95; 86, 96; 86, 98; 86, 100; 

87, 12; 87, 20; 87, 21; 87, 24; 87, 26; 87, 35; 87, 36; 87, 39; 87, 40; 87, 42; 87, 44; 87, 46; 87, 48; 87, 51; 87, 52; 87, 56; 87, 60; 87, 63; 87, 65; 87, 68; 87, 69; 87, 70; 87, 72; 87, 77; 87, 78; 87, 80; 87, 84; 87, 85; 87, 88; 87, 91; 87, 92; 87, 96; 87, 100; 

88, 4; 88, 8; 88, 10; 88, 12; 88, 14; 88, 15; 88, 16; 88, 20; 88, 21; 88, 24; 88, 28; 88, 30; 88, 32; 88, 35; 88, 36; 88, 38; 88, 39; 88, 40; 88, 42; 88, 45; 88, 46; 88, 48; 88, 50; 88, 51; 88, 52; 88, 55; 88, 56; 88, 60; 88, 62; 88, 63; 88, 64; 88, 65; 88, 66; 88, 68; 88, 69; 88, 70; 88, 72; 88, 75; 88, 76; 88, 77; 88, 78; 88, 80; 88, 84; 88, 85; 88, 86; 88, 87; 88, 90; 88, 91; 88, 92; 88, 93; 88, 94; 88, 95; 88, 96; 88, 98; 88, 100; 

90, 4; 90, 8; 90, 12; 90, 15; 90, 16; 90, 20; 90, 22; 90, 24; 90, 26; 90, 28; 90, 30; 90, 32; 90, 33; 90, 35; 90, 36; 90, 38; 90, 39; 90, 40; 90, 44; 90, 45; 90, 48; 90, 51; 90, 52; 90, 55; 90, 56; 90, 57; 90, 62; 90, 64; 90, 65; 90, 66; 90, 68; 90, 70; 90, 72; 90, 75; 90, 76; 90, 77; 90, 78; 90, 80; 90, 84; 90, 85; 90, 88; 90, 90; 90, 91; 90, 92; 90, 93; 90, 95; 90, 96; 90, 99; 90, 100; 

91, 6; 91, 12; 91, 15; 91, 18; 91, 20; 91, 21; 91, 24; 91, 28; 91, 30; 91, 33; 91, 35; 91, 36; 91, 39; 91, 40; 91, 42; 91, 45; 91, 48; 91, 51; 91, 52; 91, 54; 91, 55; 91, 56; 91, 57; 91, 60; 91, 63; 91, 66; 91, 68; 91, 69; 91, 70; 91, 72; 91, 75; 91, 76; 91, 78; 91, 80; 91, 84; 91, 87; 91, 90; 91, 93; 91, 95; 91, 96; 91, 99; 91, 100; 

92, 14; 92, 15; 92, 16; 92, 20; 92, 21; 92, 22; 92, 23; 92, 28; 92, 30; 92, 32; 92, 33; 92, 35; 92, 38; 92, 40; 92, 42; 92, 44; 92, 45; 92, 48; 92, 51; 92, 55; 92, 56; 92, 57; 92, 58; 92, 60; 92, 63; 92, 64; 92, 65; 92, 66; 92, 68; 92, 69; 92, 70; 92, 75; 92, 76; 92, 77; 92, 80; 92, 84; 92, 85; 92, 86; 92, 87; 92, 88; 92, 90; 92, 91; 92, 95; 92, 96; 92, 98; 92, 99; 92, 100; 

93, 3; 93, 6; 93, 9; 93, 12; 93, 15; 93, 18; 93, 20; 93, 21; 93, 22; 93, 24; 93, 27; 93, 30; 93, 33; 93, 35; 93, 36; 93, 39; 93, 40; 93, 42; 93, 44; 93, 45; 93, 46; 93, 48; 93, 51; 93, 52; 93, 54; 93, 55; 93, 57; 93, 60; 93, 63; 93, 65; 93, 66; 93, 68; 93, 69; 93, 70; 93, 72; 93, 75; 93, 77; 93, 78; 93, 80; 93, 81; 93, 84; 93, 85; 93, 87; 93, 88; 93, 90; 93, 91; 93, 92; 93, 95; 93, 96; 93, 99; 93, 100; 

94, 15; 94, 20; 94, 22; 94, 30; 94, 32; 94, 33; 94, 35; 94, 38; 94, 39; 94, 40; 94, 44; 94, 45; 94, 46; 94, 51; 94, 52; 94, 55; 94, 57; 94, 60; 94, 62; 94, 64; 94, 66; 94, 68; 94, 69; 94, 70; 94, 74; 94, 75; 94, 76; 94, 77; 94, 78; 94, 80; 94, 86; 94, 87; 94, 88; 94, 90; 94, 91; 94, 92; 94, 93; 94, 95; 94, 96; 94, 99; 94, 100; 

95, 12; 95, 15; 95, 19; 95, 24; 95, 30; 95, 33; 95, 36; 95, 38; 95, 39; 95, 40; 95, 45; 95, 48; 95, 51; 95, 52; 95, 56; 95, 57; 95, 60; 95, 62; 95, 65; 95, 66; 95, 68; 95, 72; 95, 75; 95, 76; 95, 78; 95, 80; 95, 84; 95, 85; 95, 88; 95, 90; 95, 91; 95, 93; 95, 96; 95, 99; 

96, 4; 96, 8; 96, 12; 96, 14; 96, 15; 96, 16; 96, 20; 96, 21; 96, 22; 96, 26; 96, 28; 96, 30; 96, 32; 96, 35; 96, 36; 96, 39; 96, 40; 96, 42; 96, 44; 96, 45; 96, 46; 96, 51; 96, 52; 96, 55; 96, 56; 96, 60; 96, 62; 96, 63; 96, 64; 96, 65; 96, 66; 96, 68; 96, 69; 96, 70; 96, 75; 96, 76; 96, 77; 96, 78; 96, 80; 96, 84; 96, 85; 96, 87; 96, 88; 96, 90; 96, 91; 96, 92; 96, 93; 96, 94; 96, 95; 96, 98; 96, 100; 

98, 6; 98, 12; 98, 15; 98, 16; 98, 18; 98, 20; 98, 21; 98, 24; 98, 30; 98, 32; 98, 33; 98, 35; 98, 36; 98, 38; 98, 39; 98, 40; 98, 42; 98, 45; 98, 48; 98, 49; 98, 51; 98, 52; 98, 54; 98, 55; 98, 57; 98, 58; 98, 60; 98, 62; 98, 63; 98, 64; 98, 66; 98, 68; 98, 69; 98, 70; 98, 72; 98, 74; 98, 75; 98, 76; 98, 77; 98, 78; 98, 80; 98, 85; 98, 87; 98, 90; 98, 91; 98, 93; 98, 94; 98, 95; 98, 96; 98, 98; 98, 99; 98, 100; 

99, 10; 99, 11; 99, 14; 99, 15; 99, 20; 99, 21; 99, 22; 99, 24; 99, 28; 99, 30; 99, 35; 99, 38; 99, 39; 99, 40; 99, 42; 99, 44; 99, 45; 99, 48; 99, 50; 99, 51; 99, 52; 99, 55; 99, 56; 99, 57; 99, 60; 99, 63; 99, 65; 99, 68; 99, 70; 99, 72; 99, 75; 99, 76; 99, 77; 99, 78; 99, 80; 99, 84; 99, 85; 99, 86; 99, 87; 99, 88; 99, 90; 99, 91; 99, 95; 99, 96; 99, 98; 99, 100; 

100, 2; 100, 4; 100, 6; 100, 8; 100, 12; 100, 14; 100, 15; 100, 16; 100, 18; 100, 21; 100, 22; 100, 24; 100, 26; 100, 28; 100, 32; 100, 33; 100, 34; 100, 35; 100, 36; 100, 38; 100, 39; 100, 42; 100, 44; 100, 45; 100, 46; 100, 48; 100, 51; 100, 52; 100, 54; 100, 55; 100, 56; 100, 57; 100, 58; 100, 62; 100, 63; 100, 64; 100, 66; 100, 68; 100, 69; 100, 72; 100, 74; 100, 75; 100, 76; 100, 77; 100, 78; 100, 82; 100, 84; 100, 85; 100, 86; 100, 87; 100, 88; 100, 91; 100, 92; 100, 93; 100, 94; 100, 95; 100, 96; 100, 98; 100, 99]
